33
3
0.853088 6.947815 0.134057 1.091801 4
-1.743103 19.923889 -0.104586 1.195434 8
-7.727982 17.357376 -0.569430 1.278964 9
2
-13.418716 8.714233 -0.922537 0.599104 9
-5.562332 -17.119003 -0.370822 -1.141267 4
2
0.314026 5.991776 0.052336 0.998630 4
-10.065460 14.922684 -0.726950 1.077749 4
2
0.767303 -10.973206 0.083706 -1.197077 4
0.279221 -15.997559 0.015706 -0.899863 9
1
-7.778168 7.778183 -0.636396 0.636397 8
0
1
9.969376 -4.648819 0.815676 -0.380358 8
0
1
8.726578 15.743149 0.533291 0.962081 9
0
0
1
1.690460 -3.625229 0.549401 -1.178201 9
0
0
1
-15.371307 11.167938 -0.809016 0.587786 9
0
0
0
1
5.803268 3.914352 0.911941 0.615112 4
0
0
0
1
3.078186 8.457230 0.444627 1.221600 8
0
0
0
0
1
-15.990250 0.558411 -0.999391 0.034901 9
0
0
0
0
1
2.505127 17.824829 0.139174 0.990268 9
